index,res1,res2,scale,value,error
1,39,24,16.73538476,0.096007,0.006192
2,39,62,16.73538476,0.120693,0.007547
3,39,79,16.73538476,0.043814,0.006536
4,39,94,16.73538476,0.089622,0.012276
5,94,24,16.20851241,0.020314,0.006954
6,94,39,16.20851241,0.081638,0.015799
7,94,62,16.20851241,0.169021,0.011238
8,94,79,16.20851241,0.148791,0.007604
9,125,24,15.01482151,0.052233,0.011186
10,125,39,15.01482151,0.055269,0.004111
11,125,62,15.01482151,0.063976,0.011171
12,125,79,15.01482151,0.044701,0.001083
13,125,94,15.01482151,0.081973,0.012838
14,136,24,16.99497151,0.031603,0.009432
15,136,39,16.99497151,0.07572,0.008791
16,136,94,16.99497151,0.091221,0.01
17,136,125,16.99497151,0.084996,0.016927
18,9,94,54.32348314,0.443616,0.011598
19,24,94,55.64401027,0.55064,0.029778
20,42,94,54.88773859,0.649322,0.009957
21,62,94,55.21055751,0.701938,0.003546
22,87,94,54.65054034,0.806751,0.001533
23,114,94,55.99587102,0.920139,0.001546
24,123,94,52.97606602,0.688724,0.007057
25,136,94,55.50529262,0.811156,0.002039
26,9,136,55.46964908,0.134271,0.007277
27,114,94,23.37,0.61,0.03
28,62,94,24.17,0.31,0.07
29,9,130,54,0.36,0
30,33,130,54,0.53,0
31,54,130,54,0.5,0
32,72,130,54,0.55,0
33,92,130,54,0.65,0
34,33,72,54,0.72,0
35,9,54,54,0.7,0
36,72,92,54,0.85,0
37,54,72,54,0.85,0
38,9,72,54,0.64,0
39,9,33,54,0.86,0
40,54,92,54,0.66,0
