index,resnum,atomname,value,error
1,2,C,176.019,0.2
2,2,CA,54.273999999999994,0.2
3,2,CB,31.022,0.2
4,2,H,8.195,0.01
5,3,C,175.938,0.2
6,3,CA,62.625,0.2
7,3,CB,32.486,0.2
8,3,H,8.186,0.01
9,4,C,175.83299,0.2
10,4,CA,58.023999999999994,0.2
11,4,CB,39.266999999999996,0.2
12,4,H,8.294,0.01
13,5,C,175.93099999999998,0.2
14,5,CA,55.333999999999996,0.2
15,5,CB,32.691,0.2
16,5,H,8.168,0.01
17,6,C,177.118,0.2
18,6,CA,56.988,0.2
19,6,CB,32.753,0.2
20,6,H,8.225,0.01
21,7,C,174.13499,0.2
22,7,CA,45.236000000000004,0.2
23,7,H,8.366,0.01
24,8,C,177.62801000000002,0.2
25,8,CA,55.119,0.2
26,8,CB,42.339,0.2
27,8,H,8.008,0.01
28,9,C,174.57201,0.2
29,9,CA,58.42,0.2
30,9,CB,63.705,0.2
31,9,H,8.283,0.01
32,10,C,176.41400000000002,0.2
33,10,CA,56.411,0.2
34,10,CB,32.959,0.2
35,10,H,8.326,0.01
36,11,C,177.877,0.2
37,11,CA,52.626999999999995,0.2
38,11,CB,19.221,0.2
39,11,H,8.259,0.01
40,12,C,176.66,0.2
41,12,CA,56.295,0.2
42,12,CB,33.109,0.2
43,12,H,8.302,0.01
44,13,C,176.99001,0.2
45,13,CA,56.707,0.2
46,13,CB,30.169,0.2
47,13,H,8.392000000000001,0.01
48,14,C,173.96400000000003,0.2
49,14,CA,45.276,0.2
50,14,H,8.413,0.01
51,15,C,176.44799999999998,0.2
52,15,CA,62.573,0.2
53,15,CB,32.721,0.2
54,15,H,7.932,0.01
55,16,C,175.967,0.2
56,16,CA,62.396,0.2
57,16,CB,32.717,0.2
58,16,H,8.259,0.01
59,17,C,177.64101000000002,0.2
60,17,CA,52.549,0.2
61,17,CB,19.191,0.2
62,17,H,8.413,0.01
63,18,C,177.86900000000003,0.2
64,18,CA,52.766000000000005,0.2
65,18,CB,19.195,0.2
66,18,H,8.276,0.01
67,19,C,178.174,0.2
68,19,CA,52.79,0.2
69,19,CB,19.195,0.2
70,19,H,8.236,0.01
71,20,C,176.89,0.2
72,20,CA,56.729,0.2
73,20,CB,30.119,0.2
74,20,H,8.289,0.01
75,21,C,177.12198999999998,0.2
76,21,CA,56.711000000000006,0.2
77,21,CB,32.731,0.2
78,21,H,8.297,0.01
79,22,C,174.65601,0.2
80,22,CA,62.381,0.2
81,22,CB,69.78399999999999,0.2
82,22,H,8.097000000000001,0.01
83,23,C,176.68401,0.2
84,23,CA,56.716,0.2
85,23,CB,33.012,0.2
86,23,H,8.315,0.01
87,24,C,176.597,0.2
88,24,CA,56.442,0.2
89,24,CB,29.619,0.2
90,24,H,8.384,0.01
91,25,C,174.226,0.2
92,25,CA,45.376999999999995,0.2
93,25,H,8.437999999999999,0.01
94,26,C,176.37198999999998,0.2
95,26,CA,62.678999999999995,0.2
96,26,CB,32.7,0.2
97,26,H,7.976,0.01
98,27,C,178.13099999999997,0.2
99,27,CA,52.797,0.2
100,27,CB,19.090999999999998,0.2
101,27,H,8.387,0.01
102,28,C,176.64799,0.2
103,28,CA,56.754,0.2
104,28,CB,30.153000000000002,0.2
105,28,H,8.359,0.01
106,29,C,177.718,0.2
107,29,CA,52.772,0.2
108,29,CB,19.178,0.2
109,29,H,8.264,0.01
110,30,C,178.43401,0.2
111,30,CA,52.795,0.2
112,30,CB,19.17,0.2
113,30,H,8.191,0.01
114,31,C,174.14799,0.2
115,31,CA,45.375,0.2
116,31,H,8.267000000000001,0.01
117,32,C,176.96599999999998,0.2
118,32,CA,56.277,0.2
119,32,CB,33.173,0.2
120,32,H,8.06,0.01
121,33,C,174.605,0.2
122,33,CA,61.949,0.2
123,33,CB,69.903,0.2
124,33,H,8.195,0.01
125,34,C,176.446,0.2
126,34,CA,56.508,0.2
127,34,CB,32.979,0.2
128,34,H,8.439,0.01
129,35,C,177.03400000000002,0.2
130,35,CA,56.942,0.2
131,35,CB,30.186,0.2
132,35,H,8.384,0.01
133,36,C,173.963,0.2
134,36,CA,45.236000000000004,0.2
135,36,H,8.398,0.01
136,37,C,175.89999,0.2
137,37,CA,62.369,0.2
138,37,CB,32.729,0.2
139,37,H,7.8629999999999995,0.01
140,38,C,176.608,0.2
141,38,CA,54.961999999999996,0.2
142,38,CB,42.35,0.2
143,38,H,8.246,0.01
144,39,C,175.515,0.2
145,39,CA,57.986000000000004,0.2
146,39,CB,38.829,0.2
147,39,H,8.237,0.01
148,40,C,176.06400000000002,0.2
149,40,CA,62.081,0.2
150,40,CB,32.764,0.2
151,40,H,8.036,0.01
152,41,C,173.87801000000002,0.2
153,41,CA,45.138000000000005,0.2
154,41,H,7.984,0.01
155,42,C,174.78999,0.2
156,42,CA,58.461000000000006,0.2
157,42,CB,64.061,0.2
158,42,H,8.221,0.01
159,43,C,176.83,0.2
160,43,CA,56.707,0.2
161,43,CB,33.138000000000005,0.2
162,43,H,8.441,0.01
163,44,C,174.54401000000001,0.2
164,44,CA,61.933,0.2
165,44,CB,69.818,0.2
166,44,H,8.145,0.01
167,45,C,176.468,0.2
168,45,CA,56.672,0.2
169,45,CB,33.01,0.2
170,45,H,8.402999999999999,0.01
171,46,C,176.94099,0.2
172,46,CA,56.716,0.2
173,46,CB,30.371,0.2
174,46,H,8.41,0.01
175,47,C,173.767,0.2
176,47,CA,45.24100000000001,0.2
177,47,H,8.384,0.01
178,48,C,175.933,0.2
179,48,CA,62.356,0.2
180,48,CB,32.736,0.2
181,48,H,7.867000000000001,0.01
182,49,C,175.79201,0.2
183,49,CA,62.059,0.2
184,49,CB,32.738,0.2
185,49,H,8.269,0.01
186,50,C,175.79401000000001,0.2
187,50,CA,56.3,0.2
188,50,CB,31.031999999999996,0.2
189,50,H,8.445,0.01
190,51,C,173.73599,0.2
191,51,CA,45.15,0.2
192,51,H,8.361,0.01
193,52,C,175.89,0.2
194,52,CA,61.95399999999999,0.2
195,52,CB,33.114000000000004,0.2
196,52,H,7.9879999999999995,0.01
197,53,C,177.787,0.2
198,53,CA,52.386,0.2
199,53,CB,19.288,0.2
200,53,H,8.457,0.01
201,54,C,174.49001,0.2
202,54,CA,61.901,0.2
203,54,CB,69.827,0.2
204,54,H,8.187999999999999,0.01
205,55,C,175.80599999999998,0.2
206,55,CA,62.11600000000001,0.2
207,55,CB,32.759,0.2
208,55,H,8.21,0.01
209,56,C,177.737,0.2
210,56,CA,52.411,0.2
211,56,CB,19.207,0.2
212,56,H,8.388,0.01
213,57,C,176.66298999999998,0.2
214,57,CA,56.644,0.2
215,57,CB,30.495,0.2
216,57,H,8.335,0.01
217,58,C,176.92799,0.2
218,58,CA,56.471000000000004,0.2
219,58,CB,33.152,0.2
220,58,H,8.394,0.01
221,59,C,174.584,0.2
222,59,CA,62.049,0.2
223,59,CB,69.812,0.2
224,59,H,8.179,0.01
225,60,C,176.64301,0.2
226,60,CA,56.653,0.2
227,60,CB,33.118,0.2
228,60,H,8.359,0.01
229,61,C,176.37601,0.2
230,61,CA,56.907,0.2
231,61,CB,30.308000000000003,0.2
232,61,H,8.39,0.01
233,62,C,175.918,0.2
234,62,CA,55.845,0.2
235,62,CB,29.44,0.2
236,62,H,8.385,0.01
237,63,C,176.31,0.2
238,63,CA,62.368,0.2
239,63,CB,32.760999999999996,0.2
240,63,H,8.254,0.01
241,64,C,173.979,0.2
242,64,CA,61.87,0.2
243,64,CB,69.806,0.2
244,64,H,8.263,0.01
245,65,C,175.342,0.2
246,65,CA,53.153999999999996,0.2
247,65,CB,38.835,0.2
248,65,H,8.487,0.01
249,66,C,176.821,0.2
250,66,CA,62.626999999999995,0.2
251,66,CB,32.577,0.2
252,66,H,8.204,0.01
253,67,C,174.605,0.2
254,67,CA,45.343999999999994,0.2
255,67,H,8.516,0.01
256,68,C,173.662,0.2
257,68,CA,45.09,0.2
258,68,H,8.183,0.01
259,69,C,177.61700000000002,0.2
260,69,CA,52.352,0.2
261,69,CB,19.242,0.2
262,69,H,8.119,0.01
263,70,C,176.295,0.2
264,70,CA,62.388000000000005,0.2
265,70,CB,32.745,0.2
266,70,H,8.182,0.01
267,71,C,176.252,0.2
268,71,CA,62.217,0.2
269,71,CB,32.708,0.2
270,71,H,8.365,0.01
271,72,C,174.83900000000003,0.2
272,72,CA,61.943000000000005,0.2
273,72,CB,69.814,0.2
274,72,H,8.279,0.01
275,73,C,173.94799999999998,0.2
276,73,CA,45.336999999999996,0.2
277,73,H,8.392999999999999,0.01
278,74,C,176.51401,0.2
279,74,CA,62.379,0.2
280,74,CB,32.745,0.2
281,74,H,8.044,0.01
282,75,C,174.00799999999998,0.2
283,75,CA,61.957,0.2
284,75,CB,69.806,0.2
285,75,H,8.266,0.01
286,76,C,177.51801,0.2
287,76,CA,52.388999999999996,0.2
288,76,CB,19.214000000000002,0.2
289,76,H,8.342,0.01
290,77,C,175.97099,0.2
291,77,CA,62.253,0.2
292,77,CB,32.738,0.2
293,77,H,8.116,0.01
294,78,C,177.58501,0.2
295,78,CA,52.352,0.2
296,78,CB,19.157,0.2
297,78,H,8.375,0.01
298,79,C,175.905,0.2
299,79,CA,55.65,0.2
300,79,CB,29.435,0.2
301,79,H,8.361,0.01
302,80,C,176.644,0.2
303,80,CA,56.245,0.2
304,80,CB,33.159,0.2
305,80,H,8.399,0.01
306,81,C,174.38299999999998,0.2
307,81,CA,61.953,0.2
308,81,CB,69.813,0.2
309,81,H,8.257,0.01
310,82,C,176.104,0.2
311,82,CA,62.138999999999996,0.2
312,82,CB,32.78,0.2
313,82,H,8.271,0.01
314,83,C,176.979,0.2
315,83,CA,56.731,0.2
316,83,CB,30.217,0.2
317,83,H,8.538,0.01
318,84,C,174.08501,0.2
319,84,CA,45.358999999999995,0.2
320,84,H,8.48,0.01
321,85,C,178.46001,0.2
322,85,CA,52.815,0.2
323,85,CB,19.197,0.2
324,85,H,8.22,0.01
325,86,C,174.24200000000002,0.2
326,86,CA,45.325,0.2
327,86,H,8.457,0.01
328,87,C,174.231,0.2
329,87,CA,58.463,0.2
330,87,CB,63.707,0.2
331,87,H,8.102,0.01
332,88,C,176.233,0.2
333,88,CA,61.287,0.2
334,88,CB,38.71,0.2
335,88,H,8.152999999999999,0.01
336,89,C,177.505,0.2
337,89,CA,52.577,0.2
338,89,CB,19.165,0.2
339,89,H,8.317,0.01
340,90,C,177.687,0.2
341,90,CA,52.36,0.2
342,90,CB,19.198,0.2
343,90,H,8.175,0.01
344,91,C,178.12,0.2
345,91,CA,52.428999999999995,0.2
346,91,CB,19.175,0.2
347,91,H,8.248,0.01
348,92,C,175.105,0.2
349,92,CA,61.953,0.2
350,92,CB,69.806,0.2
351,92,H,8.059,0.01
352,93,C,173.543,0.2
353,93,CA,45.153999999999996,0.2
354,93,H,8.267000000000001,0.01
355,94,C,175.42700000000002,0.2
356,94,CA,57.972,0.2
357,94,CB,39.707,0.2
358,94,H,8.042,0.01
359,95,C,175.36,0.2
360,95,CA,61.99100000000001,0.2
361,95,CB,33.154,0.2
362,95,H,8.01,0.01
363,96,C,176.41499,0.2
364,96,CA,56.299,0.2
365,96,CB,33.121,0.2
366,96,H,8.361,0.01
367,97,C,176.31599,0.2
368,97,CA,56.47,0.2
369,97,CB,33.084,0.2
370,97,H,8.437000000000001,0.01
371,98,C,176.142,0.2
372,98,CA,54.423,0.2
373,98,CB,41.019,0.2
374,98,H,8.361,0.01
375,99,C,175.985,0.2
376,99,CA,55.843999999999994,0.2
377,99,CB,29.291999999999998,0.2
378,99,H,8.301,0.01
379,100,C,177.94,0.2
380,100,CA,55.419,0.2
381,100,CB,42.271,0.2
382,100,H,8.257,0.01
383,101,C,174.021,0.2
384,101,CA,45.36600000000001,0.2
385,101,H,8.436,0.01
386,102,C,176.39799,0.2
387,102,CA,56.266000000000005,0.2
388,102,CB,33.155,0.2
389,102,H,8.168,0.01
390,103,C,175.27599999999998,0.2
391,103,CA,53.24,0.2
392,103,CB,38.816,0.2
393,103,H,8.586,0.01
394,104,C,176.50599999999997,0.2
395,104,CA,56.603,0.2
396,104,CB,30.139,0.2
397,104,H,8.43,0.01
398,105,C,177.05200000000002,0.2
399,105,CA,56.735,0.2
400,105,CB,30.116,0.2
401,105,H,8.427,0.01
402,106,C,173.377,0.2
403,106,CA,44.99,0.2
404,106,H,8.389,0.01
405,107,C,175.50799999999998,0.2
406,107,CA,50.528999999999996,0.2
407,107,CB,18.302,0.2
408,107,H,8.083,0.01
409,109,C,175.92999,0.2
410,109,CA,55.653,0.2
411,109,CB,29.665,0.2
412,109,H,8.552999999999999,0.01
413,110,C,176.79201,0.2
414,110,CA,56.717,0.2
415,110,CB,30.526,0.2
416,110,H,8.491,0.01
417,111,C,173.69400000000002,0.2
418,111,CA,45.265,0.2
419,111,H,8.441,0.01
420,112,C,176.22301000000002,0.2
421,112,CA,60.895,0.2
422,112,CB,38.751999999999995,0.2
423,112,H,7.962999999999999,0.01
424,113,C,177.095,0.2
425,113,CA,54.99,0.2
426,113,CB,42.325,0.2
427,113,H,8.379,0.01
428,114,C,175.82299999999998,0.2
429,114,CA,56.641000000000005,0.2
430,114,CB,30.498,0.2
431,114,H,8.387,0.01
432,115,C,175.787,0.2
433,115,CA,54.119,0.2
434,115,CB,41.074,0.2
435,115,H,8.321,0.01
436,116,C,174.033,0.2
437,116,CA,53.198,0.2
438,116,CB,32.351,0.2
439,116,H,8.226,0.01
440,118,C,175.726,0.2
441,118,CA,61.958,0.2
442,118,CB,33.147,0.2
443,118,H,8.272,0.01
444,119,C,174.65198999999998,0.2
445,119,CA,52.071000000000005,0.2
446,119,CB,41.031000000000006,0.2
447,119,H,8.495,0.01
448,121,C,176.108,0.2
449,121,CA,54.534,0.2
450,121,CB,41.001000000000005,0.2
451,121,H,8.339,0.01
452,122,C,175.326,0.2
453,122,CA,53.47,0.2
454,122,CB,39.281,0.2
455,122,H,8.066,0.01
456,123,C,176.021,0.2
457,123,CA,56.74100000000001,0.2
458,123,CB,30.096,0.2
459,123,H,8.339,0.01
460,124,C,177.155,0.2
461,124,CA,52.35,0.2
462,124,CB,19.19,0.2
463,124,H,8.193,0.01
464,125,C,175.265,0.2
465,125,CA,57.603,0.2
466,125,CB,38.856,0.2
467,125,H,7.995,0.01
468,126,C,175.30599999999998,0.2
469,126,CA,55.452,0.2
470,126,CB,30.607,0.2
471,126,H,8.093,0.01
472,127,C,174.20598999999999,0.2
473,127,CA,53.242,0.2
474,127,CB,32.830999999999996,0.2
475,127,H,8.387,0.01
476,129,C,174.739,0.2
477,129,CA,58.176,0.2
478,129,CB,63.729,0.2
479,129,H,8.458,0.01
480,130,C,176.472,0.2
481,130,CA,56.479,0.2
482,130,CB,30.468000000000004,0.2
483,130,H,8.543,0.01
484,131,C,176.99001,0.2
485,131,CA,56.716,0.2
486,131,CB,30.141,0.2
487,131,H,8.426,0.01
488,132,C,173.76801,0.2
489,132,CA,45.203,0.2
490,132,H,8.373,0.01
491,133,C,175.68099999999998,0.2
492,133,CA,58.122,0.2
493,133,CB,38.803000000000004,0.2
494,133,H,8.023,0.01
495,134,C,174.75599999999997,0.2
496,134,CA,55.397,0.2
497,134,CB,29.718000000000004,0.2
498,134,H,8.172,0.01
499,135,C,175.465,0.2
500,135,CA,54.122,0.2
501,135,CB,41.115,0.2
502,135,H,8.191,0.01
503,136,C,175.028,0.2
504,136,CA,57.581,0.2
505,136,CB,39.205999999999996,0.2
506,136,H,8.001,0.01
507,137,C,173.63,0.2
508,137,CA,53.618,0.2
509,137,CB,30.143,0.2
510,137,H,8.217,0.01
511,139,C,175.35898999999998,0.2
512,139,CA,56.523999999999994,0.2
513,139,CB,30.276,0.2
514,139,H,8.48,0.01
515,140,C,175.23,0.2
516,140,CA,53.711000000000006,0.2
517,140,CB,20.083,0.2
518,140,H,7.965,0.01
