index,res1,atom1,res2,atom2,dist_value,lower,upper
1,20,CB,3,H,20.3063,5.0,5.0
2,20,CB,4,H,17.2108,5.0,5.0
3,20,CB,5,H,16.0545,5.0,5.0
4,20,CB,6,H,18.3326,5.0,5.0
5,20,CB,7,H,19.8624,5.0,5.0
6,20,CB,8,H,17.11,5.0,5.0
7,20,CB,9,H,18.7743,5.0,5.0
8,20,CB,10,H,17.6322,5.0,5.0
9,20,CB,11,H,19.5538,5.0,5.0
10,20,CB,12,H,18.4693,5.0,5.0
11,20,CB,14,H,18.9922,5.0,5.0
12,20,CB,15,H,16.1985,5.0,5.0
13,20,CB,16,H,18.3694,5.0,5.0
14,20,CB,17,H,12.6589,5.0,5.0
15,20,CB,18,H,18.375,5.0,5.0
16,20,CB,19,H,15.4942,5.0,5.0
17,20,CB,26,H,14.1857,5.0,5.0
18,20,CB,27,H,15.7484,5.0,5.0
19,20,CB,28,H,15.4871,5.0,5.0
20,20,CB,29,H,14.3037,5.0,5.0
21,20,CB,30,H,19.7114,5.0,5.0
22,20,CB,31,H,16.1906,5.0,5.0
23,20,CB,32,H,18.449,5.0,5.0
24,20,CB,33,H,19.5428,5.0,5.0
25,20,CB,35,H,22.204,5.0,5.0
26,20,CB,37,H,20.2302,5.0,5.0
27,20,CB,38,H,18.1236,5.0,5.0
28,20,CB,39,H,19.639,5.0,5.0
29,20,CB,40,H,16.8275,5.0,5.0
30,20,CB,41,H,17.3528,5.0,5.0
31,20,CB,42,H,19.9378,5.0,5.0
32,20,CB,43,H,23.2338,5.0,5.0
33,20,CB,45,H,21.3474,5.0,5.0
34,20,CB,46,H,25.2058,5.0,5.0
35,20,CB,48,H,24.8513,5.0,5.0
36,20,CB,49,H,19.5538,5.0,5.0
37,20,CB,50,H,22.0203,5.0,5.0
38,20,CB,51,H,19.0992,5.0,5.0
39,20,CB,52,H,24.0039,5.0,5.0
40,20,CB,53,H,23.1413,5.0,5.0
41,20,CB,54,H,24.1883,5.0,5.0
42,20,CB,56,H,26.3704,5.0,5.0
43,20,CB,57,H,23.9682,5.0,5.0
44,20,CB,58,H,25.8253,5.0,5.0
45,20,CB,59,H,26.4767,5.0,5.0
46,20,CB,60,H,24.7418,5.0,5.0
47,20,CB,61,H,26.0678,5.0,5.0
48,20,CB,62,H,25.6339,5.0,5.0
49,20,CB,63,H,31.2675,5.0,5.0
50,20,CB,64,H,27.4358,5.0,5.0
51,20,CB,66,H,28.2167,5.0,5.0
52,20,CB,67,H,25.9806,5.0,5.0
53,20,CB,68,H,27.0973,5.0,5.0
54,20,CB,69,H,26.977,5.0,5.0
55,20,CB,70,H,29.8825,5.0,5.0
56,20,CB,71,H,29.1014,5.0,5.0
57,20,CB,72,H,27.2629,5.0,5.0
58,20,CB,73,H,26.1165,5.0,5.0
59,20,CB,74,H,31.9993,5.0,5.0
60,20,CB,75,H,26.3898,5.0,5.0
61,20,CB,76,H,26.815,5.0,5.0
62,20,CB,77,H,27.8087,5.0,5.0
63,20,CB,78,H,27.1857,5.0,5.0
64,20,CB,79,H,25.9505,5.0,5.0
65,20,CB,80,H,26.5533,5.0,5.0
66,20,CB,81,H,27.6385,5.0,5.0
67,20,CB,82,H,28.4682,5.0,5.0
68,20,CB,83,H,32.2702,5.0,5.0
69,20,CB,84,H,23.9583,5.0,5.0
70,20,CB,85,H,28.614,5.0,5.0
71,20,CB,86,H,25.4142,5.0,5.0
72,20,CB,87,H,24.1403,5.0,5.0
73,20,CB,88,H,30.1289,5.0,5.0
74,20,CB,89,H,27.9799,5.0,5.0
75,20,CB,90,H,28.1265,5.0,5.0
76,20,CB,91,H,24.3306,5.0,5.0
77,20,CB,92,H,27.4649,5.0,5.0
78,20,CB,93,H,25.3902,5.0,5.0
79,20,CB,94,H,29.0393,5.0,5.0
80,20,CB,95,H,27.6308,5.0,5.0
81,20,CB,96,H,29.7678,5.0,5.0
82,20,CB,98,H,29.008,5.0,5.0
83,20,CB,99,H,27.2708,5.0,5.0
84,20,CB,100,H,30.7895,5.0,5.0
85,20,CB,101,H,25.9508,5.0,5.0
86,20,CB,102,H,27.922,5.0,5.0
87,20,CB,103,H,26.9543,5.0,5.0
88,20,CB,104,H,29.6713,5.0,5.0
89,20,CB,105,H,26.2514,5.0,5.0
90,20,CB,107,H,29.7388,5.0,5.0
91,20,CB,109,H,25.1905,5.0,5.0
92,20,CB,110,H,27.5187,5.0,5.0
93,20,CB,111,H,24.2688,5.0,5.0
94,20,CB,112,H,26.7571,5.0,5.0
95,20,CB,113,H,25.0918,5.0,5.0
96,20,CB,114,H,24.5116,5.0,5.0
97,20,CB,115,H,26.1571,5.0,5.0
98,20,CB,116,H,26.8773,5.0,5.0
99,20,CB,118,H,24.9005,5.0,5.0
100,20,CB,119,H,22.2615,5.0,5.0
101,20,CB,121,H,24.2651,5.0,5.0
102,20,CB,122,H,26.7641,5.0,5.0
103,20,CB,123,H,26.419,5.0,5.0
104,20,CB,124,H,24.4604,5.0,5.0
105,20,CB,125,H,22.9772,5.0,5.0
106,20,CB,126,H,21.5807,5.0,5.0
107,20,CB,127,H,20.6279,5.0,5.0
108,20,CB,129,H,21.1001,5.0,5.0
109,20,CB,130,H,20.7253,5.0,5.0
110,20,CB,131,H,22.6277,5.0,5.0
111,24,CB,3,H,30.0103,5.0,5.0
112,24,CB,4,H,29.0811,5.0,5.0
113,24,CB,5,H,26.8922,5.0,5.0
114,24,CB,8,H,25.5827,5.0,5.0
115,24,CB,9,H,22.2356,5.0,5.0
116,24,CB,12,H,25.3524,5.0,5.0
117,24,CB,15,H,24.2215,5.0,5.0
118,24,CB,17,H,22.1615,5.0,5.0
119,24,CB,19,H,21.3451,5.0,5.0
120,24,CB,21,H,15.7230,5.0,5.0
121,24,CB,22,H,13.2471,5.0,5.0
122,24,CB,27,H,9.8432,5.0,5.0
123,24,CB,30,H,18.0680,5.0,5.0
124,24,CB,31,H,17.5984,5.0,5.0
125,24,CB,32,H,17.3000,5.0,5.0
126,24,CB,33,H,20.1823,5.0,5.0
127,24,CB,37,H,21.9395,5.0,5.0
128,24,CB,38,H,20.1361,5.0,5.0
129,24,CB,40,H,18.7782,5.0,5.0
130,24,CB,41,H,19.0771,5.0,5.0
131,24,CB,44,H,27.3973,5.0,5.0
132,24,CB,48,H,30.6573,5.0,5.0
133,24,CB,50,H,27.7127,5.0,5.0
134,24,CB,51,H,22.8599,5.0,5.0
135,24,CB,52,H,30.3284,5.0,5.0
136,24,CB,53,H,30.3310,5.0,5.0
137,24,CB,54,H,64.4491,5.0,5.0
138,24,CB,57,H,33.0924,5.0,5.0
139,24,CB,58,H,38.1867,5.0,5.0
140,24,CB,59,H,39.9029,5.0,5.0
141,24,CB,60,H,43.8013,5.0,5.0
142,24,CB,63,H,43.6879,5.0,5.0
143,24,CB,66,H,35.1070,5.0,5.0
144,24,CB,67,H,31.9059,5.0,5.0
145,24,CB,69,H,43.5941,5.0,5.0
146,24,CB,71,H,42.0378,5.0,5.0
147,24,CB,72,H,40.9216,5.0,5.0
148,24,CB,73,H,41.1361,5.0,5.0
149,24,CB,75,H,29.5445,5.0,5.0
150,24,CB,76,H,35.5716,5.0,5.0
151,24,CB,77,H,39.9522,5.0,5.0
152,24,CB,82,H,26.8374,5.0,5.0
153,24,CB,86,H,43.5237,5.0,5.0
154,24,CB,91,H,37.6615,5.0,5.0
155,24,CB,94,H,31.8833,5.0,5.0
156,24,CB,95,H,35.8559,5.0,5.0
157,24,CB,96,H,37.2610,5.0,5.0
158,24,CB,102,H,48.4463,5.0,5.0
159,24,CB,105,H,31.4056,5.0,5.0
160,24,CB,107,H,39.6312,5.0,5.0
161,24,CB,109,H,50.6124,5.0,5.0
162,24,CB,114,H,42.8626,5.0,5.0
163,24,CB,115,H,47.8294,5.0,5.0
164,24,CB,116,H,59.4026,5.0,5.0
165,24,CB,118,H,39.6294,5.0,5.0
166,24,CB,119,H,34.4380,5.0,5.0
167,24,CB,123,H,51.2837,5.0,5.0
168,24,CB,124,H,40.8333,5.0,5.0
169,24,CB,125,H,37.1272,5.0,5.0
170,24,CB,126,H,35.3770,5.0,5.0
171,24,CB,127,H,30.8344,5.0,5.0
172,24,CB,129,H,31.7944,5.0,5.0
173,24,CB,130,H,31.3255,5.0,5.0
174,24,CB,134,H,46.2663,5.0,5.0
175,24,CB,136,H,55.6006,5.0,5.0
176,42,CB,3,H,30.5447,5.0,5.0
177,42,CB,4,H,28.7529,5.0,5.0
178,42,CB,5,H,26.1385,5.0,5.0
179,42,CB,8,H,25.6305,5.0,5.0
180,42,CB,9,H,38.9150,5.0,5.0
181,42,CB,12,H,28.9007,5.0,5.0
182,42,CB,15,H,31.3121,5.0,5.0
183,42,CB,17,H,26.0008,5.0,5.0
184,42,CB,19,H,24.5738,5.0,5.0
185,42,CB,21,H,26.7747,5.0,5.0
186,42,CB,22,H,25.8577,5.0,5.0
187,42,CB,23,H,25.1227,5.0,5.0
188,42,CB,24,H,23.4604,5.0,5.0
189,42,CB,26,H,22.5576,5.0,5.0
190,42,CB,29,H,20.1438,5.0,5.0
191,42,CB,31,H,18.5047,5.0,5.0
192,42,CB,32,H,19.5087,5.0,5.0
193,42,CB,33,H,18.6057,5.0,5.0
194,42,CB,37,H,17.3196,5.0,5.0
195,42,CB,38,H,16.1157,5.0,5.0
196,42,CB,40,H,14.3037,5.0,5.0
197,42,CB,41,H,14.3025,5.0,5.0
198,42,CB,43,H,12.8355,5.0,5.0
199,42,CB,48,H,15.9227,5.0,5.0
200,42,CB,50,H,16.3070,5.0,5.0
201,42,CB,51,H,16.2618,5.0,5.0
202,42,CB,52,H,17.8373,5.0,5.0
203,42,CB,53,H,19.6905,5.0,5.0
204,42,CB,54,H,18.3881,5.0,5.0
205,42,CB,57,H,20.5854,5.0,5.0
206,42,CB,58,H,21.8788,5.0,5.0
207,42,CB,59,H,23.5762,5.0,5.0
208,42,CB,60,H,23.5481,5.0,5.0
209,42,CB,63,H,28.4744,5.0,5.0
210,42,CB,64,H,29.1662,5.0,5.0
211,42,CB,66,H,30.0634,5.0,5.0
212,42,CB,67,H,26.5701,5.0,5.0
213,42,CB,68,H,28.6590,5.0,5.0
214,42,CB,69,H,28.3510,5.0,5.0
215,42,CB,70,H,34.3076,5.0,5.0
216,42,CB,71,H,29.0000,5.0,5.0
217,42,CB,72,H,30.7114,5.0,5.0
218,42,CB,73,H,25.0629,5.0,5.0
219,42,CB,74,H,31.8684,5.0,5.0
220,42,CB,75,H,24.7993,5.0,5.0
221,42,CB,76,H,27.9760,5.0,5.0
222,42,CB,77,H,27.0574,5.0,5.0
223,42,CB,80,H,32.6998,5.0,5.0
224,42,CB,81,H,38.8755,5.0,5.0
225,42,CB,83,H,34.1483,5.0,5.0
226,42,CB,84,H,32.3375,5.0,5.0
227,42,CB,86,H,29.5339,5.0,5.0
228,42,CB,87,H,36.8999,5.0,5.0
229,42,CB,89,H,36.9814,5.0,5.0
230,42,CB,90,H,35.0200,5.0,5.0
231,42,CB,91,H,30.9587,5.0,5.0
232,42,CB,93,H,29.9001,5.0,5.0
233,42,CB,94,H,26.9731,5.0,5.0
234,42,CB,95,H,33.1191,5.0,5.0
235,42,CB,96,H,29.5017,5.0,5.0
236,42,CB,98,H,36.6953,5.0,5.0
237,42,CB,100,H,58.6562,5.0,5.0
238,42,CB,101,H,33.5559,5.0,5.0
239,42,CB,104,H,46.6002,5.0,5.0
240,42,CB,105,H,29.1403,5.0,5.0
241,42,CB,107,H,41.5664,5.0,5.0
242,42,CB,109,H,31.5980,5.0,5.0
243,42,CB,110,H,36.4355,5.0,5.0
244,42,CB,111,H,28.7016,5.0,5.0
245,42,CB,112,H,34.9265,5.0,5.0
246,42,CB,114,H,29.2980,5.0,5.0
247,42,CB,115,H,33.5356,5.0,5.0
248,42,CB,116,H,27.1982,5.0,5.0
249,42,CB,119,H,25.5699,5.0,5.0
250,42,CB,121,H,28.7819,5.0,5.0
251,42,CB,122,H,37.0400,5.0,5.0
252,42,CB,123,H,32.4620,5.0,5.0
253,42,CB,124,H,29.2421,5.0,5.0
254,42,CB,125,H,28.4530,5.0,5.0
255,42,CB,126,H,26.5384,5.0,5.0
256,42,CB,127,H,25.9395,5.0,5.0
257,42,CB,129,H,24.6143,5.0,5.0
258,42,CB,130,H,24.5322,5.0,5.0
259,42,CB,133,H,32.7162,5.0,5.0
260,42,CB,134,H,28.7348,5.0,5.0
261,42,CB,135,H,29.2081,5.0,5.0
262,42,CB,136,H,32.7018,5.0,5.0
263,42,CB,137,H,26.2314,5.0,5.0
264,42,CB,140,H,39.0326,5.0,5.0
265,62,CB,3,H,30.7467,5.0,5.0
266,62,CB,4,H,37.9395,5.0,5.0
267,62,CB,5,H,31.6904,5.0,5.0
268,62,CB,8,H,34.2354,5.0,5.0
269,62,CB,15,H,43.8850,5.0,5.0
270,62,CB,17,H,39.5691,5.0,5.0
271,62,CB,19,H,37.0749,5.0,5.0
272,62,CB,21,H,42.3343,5.0,5.0
273,62,CB,22,H,30.5145,5.0,5.0
274,62,CB,23,H,30.1789,5.0,5.0
275,62,CB,24,H,30.2753,5.0,5.0
276,62,CB,26,H,40.0813,5.0,5.0
277,62,CB,29,H,30.0212,5.0,5.0
278,62,CB,30,H,31.5336,5.0,5.0
279,62,CB,31,H,27.4847,5.0,5.0
280,62,CB,32,H,29.6800,5.0,5.0
281,62,CB,33,H,33.7411,5.0,5.0
282,62,CB,37,H,27.0629,5.0,5.0
283,62,CB,38,H,22.6700,5.0,5.0
284,62,CB,40,H,21.3396,5.0,5.0
285,62,CB,41,H,22.0008,5.0,5.0
286,62,CB,43,H,28.9580,5.0,5.0
287,62,CB,44,H,27.2409,5.0,5.0
288,62,CB,48,H,25.0285,5.0,5.0
289,62,CB,50,H,22.5782,5.0,5.0
290,62,CB,51,H,18.5004,5.0,5.0
291,62,CB,52,H,23.3349,5.0,5.0
292,62,CB,53,H,20.5050,5.0,5.0
293,62,CB,54,H,21.3975,5.0,5.0
294,62,CB,55,H,21.6207,5.0,5.0
295,62,CB,56,H,19.4020,5.0,5.0
296,62,CB,57,H,18.8922,5.0,5.0
297,62,CB,58,H,17.7966,5.0,5.0
298,62,CB,59,H,13.2682,5.0,5.0
299,62,CB,61,H,16.1882,5.0,5.0
300,62,CB,62,H,14.6452,5.0,5.0
301,62,CB,64,H,14.3168,5.0,5.0
302,62,CB,66,H,18.4856,5.0,5.0
303,62,CB,67,H,15.8194,5.0,5.0
304,62,CB,68,H,18.3031,5.0,5.0
305,62,CB,69,H,17.8889,5.0,5.0
306,62,CB,70,H,19.8052,5.0,5.0
307,62,CB,71,H,18.1060,5.0,5.0
308,62,CB,72,H,18.9405,5.0,5.0
309,62,CB,73,H,17.0174,5.0,5.0
310,62,CB,74,H,19.4233,5.0,5.0
311,62,CB,75,H,20.0639,5.0,5.0
312,62,CB,76,H,18.8912,5.0,5.0
313,62,CB,77,H,19.5755,5.0,5.0
314,62,CB,81,H,25.4745,5.0,5.0
315,62,CB,82,H,20.9898,5.0,5.0
316,62,CB,83,H,25.6937,5.0,5.0
317,62,CB,84,H,25.7261,5.0,5.0
318,62,CB,85,H,28.1097,5.0,5.0
319,62,CB,86,H,25.7001,5.0,5.0
320,62,CB,88,H,28.3735,5.0,5.0
321,62,CB,89,H,27.2653,5.0,5.0
322,62,CB,90,H,26.5454,5.0,5.0
323,62,CB,91,H,25.0365,5.0,5.0
324,62,CB,92,H,30.1779,5.0,5.0
325,62,CB,93,H,23.5862,5.0,5.0
326,62,CB,94,H,35.2616,5.0,5.0
327,62,CB,95,H,29.4250,5.0,5.0
328,62,CB,96,H,26.7786,5.0,5.0
329,62,CB,98,H,28.3612,5.0,5.0
330,62,CB,100,H,44.9243,5.0,5.0
331,62,CB,101,H,33.7343,5.0,5.0
332,62,CB,102,H,32.6188,5.0,5.0
333,62,CB,103,H,37.3795,5.0,5.0
334,62,CB,104,H,32.3754,5.0,5.0
335,62,CB,105,H,42.4513,5.0,5.0
336,62,CB,107,H,39.3019,5.0,5.0
337,62,CB,109,H,31.5899,5.0,5.0
338,62,CB,110,H,31.9625,5.0,5.0
339,62,CB,111,H,31.3689,5.0,5.0
340,62,CB,112,H,33.5969,5.0,5.0
341,62,CB,114,H,34.9083,5.0,5.0
342,62,CB,115,H,31.8150,5.0,5.0
343,62,CB,116,H,33.4792,5.0,5.0
344,62,CB,118,H,33.5319,5.0,5.0
345,62,CB,119,H,27.6663,5.0,5.0
346,62,CB,121,H,32.9075,5.0,5.0
347,62,CB,122,H,34.7517,5.0,5.0
348,62,CB,123,H,31.0152,5.0,5.0
349,62,CB,124,H,33.6498,5.0,5.0
350,62,CB,125,H,34.8977,5.0,5.0
351,62,CB,126,H,29.3629,5.0,5.0
352,62,CB,127,H,28.6825,5.0,5.0
353,62,CB,129,H,28.5143,5.0,5.0
354,62,CB,130,H,28.0679,5.0,5.0
355,62,CB,133,H,57.5691,5.0,5.0
356,62,CB,135,H,32.7097,5.0,5.0
357,62,CB,136,H,34.1642,5.0,5.0
358,62,CB,137,H,29.7783,5.0,5.0
359,62,CB,140,H,42.5410,5.0,5.0
360,85,CB,3,H,35.6065,5.0,5.0
361,85,CB,4,H,27.6319,5.0,5.0
362,85,CB,5,H,27.9653,5.0,5.0
363,85,CB,6,H,29.0702,5.0,5.0
364,85,CB,7,H,29.7094,5.0,5.0
365,85,CB,8,H,27.2682,5.0,5.0
366,85,CB,9,H,28.8807,5.0,5.0
367,85,CB,10,H,27.6319,5.0,5.0
368,85,CB,11,H,26.9158,5.0,5.0
369,85,CB,12,H,30.3369,5.0,5.0
370,85,CB,13,H,26.3833,5.0,5.0
371,85,CB,14,H,30.5973,5.0,5.0
372,85,CB,15,H,33.2476,5.0,5.0
373,85,CB,16,H,30.9113,5.0,5.0
374,85,CB,17,H,30.0126,5.0,5.0
375,85,CB,18,H,27.2137,5.0,5.0
376,85,CB,19,H,29.6295,5.0,5.0
377,85,CB,20,H,35.5743,5.0,5.0
378,85,CB,21,H,30.0157,5.0,5.0
379,85,CB,22,H,30.3233,5.0,5.0
380,85,CB,23,H,34.8736,5.0,5.0
381,85,CB,25,H,30.7135,5.0,5.0
382,85,CB,26,H,31.5837,5.0,5.0
383,85,CB,27,H,36.0787,5.0,5.0
384,85,CB,28,H,35.5567,5.0,5.0
385,85,CB,29,H,31.5181,5.0,5.0
386,85,CB,30,H,27.3038,5.0,5.0
387,85,CB,31,H,28.7454,5.0,5.0
388,85,CB,32,H,30.7323,5.0,5.0
389,85,CB,33,H,28.9699,5.0,5.0
390,85,CB,35,H,26.3833,5.0,5.0
391,85,CB,37,H,33.2449,5.0,5.0
392,85,CB,38,H,25.3310,5.0,5.0
393,85,CB,39,H,25.1103,5.0,5.0
394,85,CB,40,H,22.2682,5.0,5.0
395,85,CB,41,H,22.3214,5.0,5.0
396,85,CB,42,H,27.4771,5.0,5.0
397,85,CB,43,H,26.2553,5.0,5.0
398,85,CB,44,H,27.7193,5.0,5.0
399,85,CB,45,H,24.9335,5.0,5.0
400,85,CB,46,H,26.6383,5.0,5.0
401,85,CB,48,H,27.1367,5.0,5.0
402,85,CB,49,H,26.9158,5.0,5.0
403,85,CB,50,H,23.1747,5.0,5.0
404,85,CB,51,H,22.1650,5.0,5.0
405,85,CB,52,H,26.9007,5.0,5.0
406,85,CB,53,H,23.6242,5.0,5.0
407,85,CB,54,H,27.0596,5.0,5.0
408,85,CB,55,H,25.4255,5.0,5.0
409,85,CB,56,H,22.9620,5.0,5.0
410,85,CB,57,H,26.1159,5.0,5.0
411,85,CB,58,H,24.6715,5.0,5.0
412,85,CB,59,H,25.9008,5.0,5.0
413,85,CB,60,H,24.3382,5.0,5.0
414,85,CB,61,H,23.9355,5.0,5.0
415,85,CB,62,H,23.9355,5.0,5.0
416,85,CB,63,H,23.4421,5.0,5.0
417,85,CB,64,H,24.1808,5.0,5.0
418,85,CB,65,H,22.4489,5.0,5.0
419,85,CB,66,H,25.6865,5.0,5.0
420,85,CB,67,H,21.2034,5.0,5.0
421,85,CB,68,H,22.0398,5.0,5.0
422,85,CB,69,H,22.4268,5.0,5.0
423,85,CB,70,H,22.2528,5.0,5.0
424,85,CB,71,H,20.9749,5.0,5.0
425,85,CB,72,H,20.6469,5.0,5.0
426,85,CB,73,H,17.7910,5.0,5.0
427,85,CB,74,H,20.9295,5.0,5.0
428,85,CB,75,H,20.4543,5.0,5.0
429,85,CB,76,H,19.0868,5.0,5.0
430,85,CB,77,H,17.7260,5.0,5.0
431,85,CB,78,H,18.7806,5.0,5.0
432,85,CB,79,H,16.0408,5.0,5.0
433,85,CB,80,H,14.8975,5.0,5.0
434,85,CB,81,H,13.7396,5.0,5.0
435,85,CB,82,H,13.0185,5.0,5.0
436,85,CB,83,H,14.3007,5.0,5.0
437,85,CB,84,H,11.6623,5.0,5.0
438,85,CB,86,H,10.6931,5.0,5.0
439,85,CB,87,H,14.2329,5.0,5.0
440,85,CB,89,H,14.2102,5.0,5.0
441,85,CB,90,H,10.7615,5.0,5.0
442,85,CB,91,H,14.8660,5.0,5.0
443,85,CB,92,H,15.8486,5.0,5.0
444,85,CB,93,H,15.7003,5.0,5.0
445,85,CB,94,H,17.0027,5.0,5.0
446,85,CB,95,H,14.8483,5.0,5.0
447,85,CB,96,H,15.3863,5.0,5.0
448,85,CB,97,H,20.0713,5.0,5.0
449,85,CB,98,H,16.6960,5.0,5.0
450,85,CB,99,H,19.7833,5.0,5.0
451,85,CB,100,H,20.8677,5.0,5.0
452,85,CB,101,H,19.3353,5.0,5.0
453,85,CB,102,H,24.1468,5.0,5.0
454,85,CB,103,H,23.1603,5.0,5.0
455,85,CB,104,H,24.0716,5.0,5.0
456,85,CB,105,H,27.1950,5.0,5.0
457,85,CB,107,H,24.2373,5.0,5.0
458,85,CB,109,H,21.0710,5.0,5.0
459,85,CB,110,H,22.7936,5.0,5.0
460,85,CB,111,H,21.0803,5.0,5.0
461,85,CB,112,H,23.8602,5.0,5.0
462,85,CB,113,H,22.1836,5.0,5.0
463,85,CB,114,H,22.9239,5.0,5.0
464,85,CB,115,H,24.2067,5.0,5.0
465,85,CB,116,H,24.6558,5.0,5.0
466,85,CB,118,H,27.7673,5.0,5.0
467,85,CB,119,H,21.8542,5.0,5.0
468,85,CB,121,H,24.7942,5.0,5.0
469,85,CB,122,H,34.2923,5.0,5.0
470,85,CB,123,H,29.1990,5.0,5.0
471,85,CB,124,H,26.9174,5.0,5.0
472,85,CB,125,H,24.5600,5.0,5.0
473,85,CB,126,H,23.5868,5.0,5.0
474,85,CB,127,H,24.2160,5.0,5.0
475,85,CB,129,H,22.8329,5.0,5.0
476,85,CB,130,H,24.1895,5.0,5.0
477,85,CB,131,H,28.6073,5.0,5.0
478,85,CB,132,H,22.4610,5.0,5.0
479,85,CB,133,H,26.7759,5.0,5.0
480,85,CB,135,H,28.5185,5.0,5.0
481,85,CB,136,H,29.0291,5.0,5.0
482,85,CB,137,H,28.0551,5.0,5.0
483,85,CB,139,H,29.4276,5.0,5.0
484,85,CB,140,H,19.7665,5.0,5.0
485,87,CB,3,H,32.8267,5.0,5.0
486,87,CB,5,H,35.0888,5.0,5.0
487,87,CB,8,H,33.4783,5.0,5.0
488,87,CB,17,H,35.9908,5.0,5.0
489,87,CB,19,H,55.1755,5.0,5.0
490,87,CB,21,H,43.6624,5.0,5.0
491,87,CB,23,H,37.1754,5.0,5.0
492,87,CB,24,H,30.9135,5.0,5.0
493,87,CB,29,H,37.1539,5.0,5.0
494,87,CB,37,H,37.6188,5.0,5.0
495,87,CB,38,H,27.3752,5.0,5.0
496,87,CB,40,H,25.9609,5.0,5.0
497,87,CB,41,H,27.1664,5.0,5.0
498,87,CB,43,H,27.4753,5.0,5.0
499,87,CB,44,H,37.8567,5.0,5.0
500,87,CB,48,H,47.5715,5.0,5.0
501,87,CB,50,H,26.7891,5.0,5.0
502,87,CB,51,H,26.7252,5.0,5.0
503,87,CB,52,H,32.2028,5.0,5.0
504,87,CB,53,H,28.1192,5.0,5.0
505,87,CB,54,H,33.8043,5.0,5.0
506,87,CB,57,H,27.8350,5.0,5.0
507,87,CB,58,H,29.8381,5.0,5.0
508,87,CB,59,H,35.8753,5.0,5.0
509,87,CB,60,H,30.0911,5.0,5.0
510,87,CB,63,H,31.7327,5.0,5.0
511,87,CB,64,H,29.5345,5.0,5.0
512,87,CB,65,H,31.1694,5.0,5.0
513,87,CB,66,H,29.3533,5.0,5.0
514,87,CB,67,H,25.1092,5.0,5.0
515,87,CB,68,H,26.5615,5.0,5.0
516,87,CB,69,H,26.4106,5.0,5.0
517,87,CB,70,H,29.5993,5.0,5.0
518,87,CB,71,H,25.9189,5.0,5.0
519,87,CB,72,H,24.8847,5.0,5.0
520,87,CB,73,H,21.1474,5.0,5.0
521,87,CB,74,H,26.0805,5.0,5.0
522,87,CB,75,H,22.3175,5.0,5.0
523,87,CB,76,H,21.7278,5.0,5.0
524,87,CB,77,H,20.2690,5.0,5.0
525,87,CB,80,H,15.8079,5.0,5.0
526,87,CB,81,H,16.5918,5.0,5.0
527,87,CB,83,H,15.3484,5.0,5.0
528,87,CB,85,H,15.5789,5.0,5.0
529,87,CB,86,H,16.6398,5.0,5.0
530,87,CB,89,H,12.1480,5.0,5.0
531,87,CB,90,H,12.9519,5.0,5.0
532,87,CB,92,H,13.0144,5.0,5.0
533,87,CB,93,H,16.6516,5.0,5.0
534,87,CB,94,H,18.4191,5.0,5.0
535,87,CB,95,H,16.5905,5.0,5.0
536,87,CB,96,H,15.9745,5.0,5.0
537,87,CB,98,H,18.7188,5.0,5.0
538,87,CB,100,H,22.3210,5.0,5.0
539,87,CB,101,H,22.1573,5.0,5.0
540,87,CB,102,H,26.9697,5.0,5.0
541,87,CB,103,H,25.4074,5.0,5.0
542,87,CB,104,H,24.5530,5.0,5.0
543,87,CB,105,H,31.9576,5.0,5.0
544,87,CB,107,H,24.8017,5.0,5.0
545,87,CB,109,H,23.3969,5.0,5.0
546,87,CB,110,H,25.0482,5.0,5.0
547,87,CB,111,H,23.0489,5.0,5.0
548,87,CB,112,H,26.8126,5.0,5.0
549,87,CB,114,H,27.3774,5.0,5.0
550,87,CB,115,H,25.8775,5.0,5.0
551,87,CB,116,H,26.7468,5.0,5.0
552,87,CB,118,H,27.2475,5.0,5.0
553,87,CB,119,H,23.0474,5.0,5.0
554,87,CB,121,H,27.4174,5.0,5.0
555,87,CB,122,H,36.5261,5.0,5.0
556,87,CB,123,H,29.9470,5.0,5.0
557,87,CB,124,H,29.3401,5.0,5.0
558,87,CB,125,H,27.9283,5.0,5.0
559,87,CB,126,H,26.6442,5.0,5.0
560,87,CB,127,H,26.2015,5.0,5.0
561,87,CB,129,H,25.5130,5.0,5.0
562,87,CB,130,H,24.6823,5.0,5.0
563,87,CB,133,H,31.4821,5.0,5.0
564,87,CB,134,H,29.1148,5.0,5.0
565,87,CB,135,H,31.4001,5.0,5.0
566,87,CB,136,H,39.5434,5.0,5.0
567,87,CB,137,H,30.4476,5.0,5.0
568,103,CB,5,H,35.8220,5.0,5.0
569,103,CB,8,H,34.3142,5.0,5.0
570,103,CB,17,H,45.6540,5.0,5.0
571,103,CB,22,H,40.7081,5.0,5.0
572,103,CB,23,H,32.9272,5.0,5.0
573,103,CB,31,H,31.1499,5.0,5.0
574,103,CB,33,H,55.2811,5.0,5.0
575,103,CB,37,H,52.3325,5.0,5.0
576,103,CB,38,H,29.6833,5.0,5.0
577,103,CB,40,H,28.2096,5.0,5.0
578,103,CB,41,H,26.9503,5.0,5.0
579,103,CB,44,H,40.9899,5.0,5.0
580,103,CB,48,H,47.6595,5.0,5.0
581,103,CB,50,H,29.5123,5.0,5.0
582,103,CB,51,H,26.3618,5.0,5.0
583,103,CB,52,H,38.9513,5.0,5.0
584,103,CB,53,H,29.4112,5.0,5.0
585,103,CB,54,H,40.8267,5.0,5.0
586,103,CB,55,H,24.8038,5.0,5.0
587,103,CB,57,H,30.1876,5.0,5.0
588,103,CB,58,H,31.2794,5.0,5.0
589,103,CB,60,H,31.5486,5.0,5.0
590,103,CB,67,H,28.5374,5.0,5.0
591,103,CB,68,H,29.9931,5.0,5.0
592,103,CB,69,H,29.3980,5.0,5.0
593,103,CB,73,H,24.2922,5.0,5.0
594,103,CB,74,H,32.5521,5.0,5.0
595,103,CB,75,H,29.6013,5.0,5.0
596,103,CB,76,H,25.1553,5.0,5.0
597,103,CB,77,H,25.5597,5.0,5.0
598,103,CB,80,H,23.4206,5.0,5.0
599,103,CB,81,H,31.9486,5.0,5.0
600,103,CB,82,H,49.3730,5.0,5.0
601,103,CB,83,H,24.7913,5.0,5.0
602,103,CB,84,H,24.0161,5.0,5.0
603,103,CB,85,H,24.6097,5.0,5.0
604,103,CB,86,H,22.5914,5.0,5.0
605,103,CB,87,H,25.7842,5.0,5.0
606,103,CB,88,H,28.3101,5.0,5.0
607,103,CB,89,H,21.0218,5.0,5.0
608,103,CB,90,H,19.3262,5.0,5.0
609,103,CB,91,H,17.9817,5.0,5.0
610,103,CB,92,H,20.4196,5.0,5.0
611,103,CB,93,H,17.1056,5.0,5.0
612,103,CB,94,H,18.0885,5.0,5.0
613,103,CB,95,H,18.2882,5.0,5.0
614,103,CB,96,H,14.6418,5.0,5.0
615,103,CB,101,H,13.2212,5.0,5.0
616,103,CB,102,H,13.8958,5.0,5.0
617,103,CB,103,H,11.7216,5.0,5.0
618,103,CB,107,H,12.4083,5.0,5.0
619,103,CB,109,H,13.8550,5.0,5.0
620,103,CB,110,H,12.4539,5.0,5.0
621,103,CB,112,H,16.6660,5.0,5.0
622,103,CB,115,H,17.3988,5.0,5.0
623,103,CB,116,H,20.2654,5.0,5.0
624,103,CB,118,H,23.4565,5.0,5.0
625,103,CB,119,H,19.2715,5.0,5.0
626,103,CB,121,H,24.8797,5.0,5.0
627,103,CB,122,H,34.2598,5.0,5.0
628,103,CB,123,H,30.4839,5.0,5.0
629,103,CB,124,H,28.8708,5.0,5.0
630,103,CB,125,H,26.3618,5.0,5.0
631,103,CB,126,H,27.7620,5.0,5.0
632,103,CB,127,H,28.9800,5.0,5.0
633,103,CB,129,H,28.1607,5.0,5.0
634,103,CB,130,H,26.1720,5.0,5.0
635,103,CB,133,H,36.5931,5.0,5.0
636,103,CB,134,H,34.8697,5.0,5.0
637,103,CB,135,H,45.8992,5.0,5.0
638,103,CB,137,H,43.3907,5.0,5.0
639,120,CB,3,H,25.5827,5.0,5.0
640,120,CB,4,H,22.1485,5.0,5.0
641,120,CB,5,H,22.3420,5.0,5.0
642,120,CB,6,H,23.2956,5.0,5.0
643,120,CB,7,H,22.2374,5.0,5.0
644,120,CB,8,H,22.8440,5.0,5.0
645,120,CB,9,H,24.7071,5.0,5.0
646,120,CB,10,H,22.1485,5.0,5.0
647,120,CB,11,H,29.5497,5.0,5.0
648,120,CB,12,H,23.7422,5.0,5.0
649,120,CB,13,H,30.3736,5.0,5.0
650,120,CB,14,H,27.5046,5.0,5.0
651,120,CB,15,H,23.7401,5.0,5.0
652,120,CB,16,H,29.2986,5.0,5.0
653,120,CB,17,H,27.1449,5.0,5.0
654,120,CB,18,H,24.3895,5.0,5.0
655,120,CB,19,H,26.6954,5.0,5.0
656,120,CB,20,H,28.0232,5.0,5.0
657,120,CB,21,H,26.7089,5.0,5.0
658,120,CB,22,H,27.8326,5.0,5.0
659,120,CB,23,H,27.3729,5.0,5.0
660,120,CB,25,H,26.8962,5.0,5.0
661,120,CB,26,H,27.6629,5.0,5.0
662,120,CB,27,H,26.6071,5.0,5.0
663,120,CB,28,H,25.5850,5.0,5.0
664,120,CB,29,H,26.3705,5.0,5.0
665,120,CB,30,H,27.1470,5.0,5.0
666,120,CB,31,H,27.0233,5.0,5.0
667,120,CB,32,H,24.2658,5.0,5.0
668,120,CB,33,H,27.9408,5.0,5.0
669,120,CB,35,H,30.3736,5.0,5.0
670,120,CB,37,H,25.0804,5.0,5.0
671,120,CB,38,H,22.1847,5.0,5.0
672,120,CB,39,H,22.1620,5.0,5.0
673,120,CB,40,H,19.3663,5.0,5.0
674,120,CB,41,H,20.3399,5.0,5.0
675,120,CB,42,H,23.2264,5.0,5.0
676,120,CB,43,H,20.2615,5.0,5.0
677,120,CB,44,H,25.1564,5.0,5.0
678,120,CB,45,H,23.1606,5.0,5.0
679,120,CB,46,H,30.3736,5.0,5.0
680,120,CB,48,H,25.3166,5.0,5.0
681,120,CB,49,H,24.6791,5.0,5.0
682,120,CB,50,H,23.0068,5.0,5.0
683,120,CB,51,H,21.0548,5.0,5.0
684,120,CB,52,H,24.8092,5.0,5.0
685,120,CB,53,H,24.1295,5.0,5.0
686,120,CB,54,H,25.9686,5.0,5.0
687,120,CB,55,H,27.5841,5.0,5.0
688,120,CB,56,H,25.4287,5.0,5.0
689,120,CB,57,H,26.4673,5.0,5.0
690,120,CB,58,H,25.1280,5.0,5.0
691,120,CB,59,H,27.5477,5.0,5.0
692,120,CB,60,H,25.3125,5.0,5.0
693,120,CB,61,H,29.5665,5.0,5.0
694,120,CB,62,H,29.5665,5.0,5.0
695,120,CB,63,H,29.7398,5.0,5.0
696,120,CB,64,H,27.9692,5.0,5.0
697,120,CB,65,H,28.4138,5.0,5.0
698,120,CB,66,H,29.5561,5.0,5.0
699,120,CB,67,H,26.0642,5.0,5.0
700,120,CB,68,H,28.6486,5.0,5.0
701,120,CB,69,H,27.6706,5.0,5.0
702,120,CB,70,H,27.6062,5.0,5.0
703,120,CB,71,H,25.8673,5.0,5.0
704,120,CB,72,H,25.2112,5.0,5.0
705,120,CB,73,H,23.0962,5.0,5.0
706,120,CB,74,H,25.1873,5.0,5.0
707,120,CB,75,H,25.6083,5.0,5.0
708,120,CB,76,H,23.2930,5.0,5.0
709,120,CB,77,H,22.2333,5.0,5.0
710,120,CB,78,H,24.5982,5.0,5.0
711,120,CB,79,H,23.3852,5.0,5.0
712,120,CB,80,H,23.3621,5.0,5.0
713,120,CB,81,H,24.5560,5.0,5.0
714,120,CB,82,H,24.0280,5.0,5.0
715,120,CB,83,H,23.8048,5.0,5.0
716,120,CB,84,H,23.5523,5.0,5.0
717,120,CB,85,H,23.2461,5.0,5.0
718,120,CB,86,H,22.4558,5.0,5.0
719,120,CB,87,H,24.2105,5.0,5.0
720,120,CB,89,H,22.6854,5.0,5.0
721,120,CB,90,H,19.8567,5.0,5.0
722,120,CB,91,H,17.0833,5.0,5.0
723,120,CB,92,H,22.2144,5.0,5.0
724,120,CB,93,H,17.0716,5.0,5.0
725,120,CB,94,H,20.4724,5.0,5.0
726,120,CB,95,H,18.0920,5.0,5.0
727,120,CB,96,H,17.7381,5.0,5.0
728,120,CB,97,H,19.3992,5.0,5.0
729,120,CB,98,H,19.8824,5.0,5.0
730,120,CB,99,H,21.1620,5.0,5.0
731,120,CB,100,H,21.3641,5.0,5.0
732,120,CB,101,H,20.2088,5.0,5.0
733,120,CB,102,H,22.6071,5.0,5.0
734,120,CB,103,H,21.5957,5.0,5.0
735,120,CB,104,H,24.4932,5.0,5.0
736,120,CB,105,H,25.9754,5.0,5.0
737,120,CB,107,H,20.5928,5.0,5.0
738,120,CB,109,H,17.7094,5.0,5.0
739,120,CB,110,H,20.2468,5.0,5.0
740,120,CB,111,H,17.1064,5.0,5.0
741,120,CB,112,H,19.4782,5.0,5.0
742,120,CB,113,H,17.0124,5.0,5.0
743,120,CB,114,H,18.2824,5.0,5.0
744,120,CB,115,H,18.6573,5.0,5.0
745,120,CB,116,H,14.3816,5.0,5.0
746,120,CB,118,H,10.9185,5.0,5.0
747,120,CB,119,H,11.2101,5.0,5.0
748,120,CB,123,H,14.9852,5.0,5.0
749,120,CB,124,H,10.3865,5.0,5.0
750,120,CB,125,H,11.4175,5.0,5.0
751,120,CB,126,H,9.2422,5.0,5.0
752,120,CB,127,H,12.2690,5.0,5.0
753,120,CB,129,H,13.3622,5.0,5.0
754,120,CB,130,H,15.5679,5.0,5.0
755,120,CB,131,H,24.0853,5.0,5.0
756,120,CB,132,H,23.0384,5.0,5.0
757,120,CB,133,H,21.2814,5.0,5.0
758,120,CB,135,H,23.5094,5.0,5.0
759,120,CB,136,H,23.7874,5.0,5.0
760,120,CB,137,H,23.4607,5.0,5.0
761,120,CB,139,H,25.7216,5.0,5.0
762,120,CB,140,H,20.6025,5.0,5.0
